- !<Matter/30f918ff-cd4c-4a9b-93be-98ecdfa53b25>
  PackagePath: ""
  Friction: 0.500000
  RollingFriction: 0.020000
  SpinningFriction: 0.020000
  DynamicBounciness: 0.000000
  StaticBounciness: 1.000000
